0.000000	0.000000	0.000000	0.000000	0.000000	0.000000	0.000000	0.000000	0.000000	0.000000	0.000000	0.000000	0.000000	0.000000	0.000000	0.000000	0.000000	0.000000	0.000000	0.000000	0.000000	0.000000	0.000000	0.000000
0.000000	0.000000	0.000000	0.011108	0.000000	0.007817	-0.000000	-0.000000	-0.000008	-0.010000	-0.000000	0.000011	-0.009358	-0.000000	0.008013	0.011108	-0.000000	0.007803	-0.009357	-0.000000	0.008023	-0.006682	-0.000000	0.007995
0.000000	0.000000	0.000000	0.011108	0.000000	0.007803	-0.000001	-0.000000	-0.000013	-0.010001	-0.000000	0.000014	-0.009356	-0.000000	0.008016	0.011110	-0.000000	0.007782	-0.009356	-0.000000	0.008001	-0.006680	-0.000000	0.007972
0.000000	0.000000	0.000000	0.011110	0.000000	0.007782	-0.000002	-0.000000	-0.000020	-0.010002	-0.000000	0.000018	-0.009353	-0.000000	0.008019	0.011112	-0.000000	0.007751	-0.009354	-0.000000	0.007973	-0.006678	-0.000000	0.007944
0.000000	0.000000	0.000000	0.011112	0.000000	0.007751	-0.000003	-0.000000	-0.000028	-0.010003	-0.000000	0.000021	-0.009349	-0.000000	0.008022	0.011116	-0.000000	0.007706	-0.009350	-0.000000	0.007942	-0.006674	-0.000000	0.007911
0.000000	0.000000	0.000000	0.011116	0.000000	0.007706	-0.000005	-0.000000	-0.000038	-0.010005	-0.000000	0.000022	-0.009343	-0.000000	0.008023	0.011121	-0.000000	0.007644	-0.009344	-0.000000	0.007913	-0.006669	-0.000000	0.007878
0.000000	0.000000	0.000000	0.011121	0.000000	0.007644	-0.000008	-0.000000	-0.000049	-0.010008	-0.000000	0.000022	-0.009334	-0.000000	0.008022	0.011128	-0.000000	0.007565	-0.009337	-0.000000	0.007886	-0.006661	-0.000000	0.007844
0.000000	0.000000	0.000000	0.011128	0.000000	0.007565	-0.000011	-0.000000	-0.000061	-0.010011	-0.000000	0.000020	-0.009324	-0.000000	0.008018	0.011136	-0.000000	0.007474	-0.009328	-0.000000	0.007862	-0.006652	-0.000000	0.007812
0.000000	0.000000	0.000000	0.011136	0.000000	0.007474	-0.000014	-0.000000	-0.000075	-0.010014	-0.000000	0.000015	-0.009313	-0.000000	0.008012	0.011144	-0.000000	0.007374	-0.009317	-0.000000	0.007841	-0.006642	-0.000000	0.007780
0.000000	0.000000	0.000000	0.011144	0.000000	0.007374	-0.000018	-0.000000	-0.000089	-0.010017	-0.000000	0.000007	-0.009300	-0.000000	0.008003	0.011154	-0.000000	0.007271	-0.009306	-0.000000	0.007821	-0.006631	-0.000000	0.007749
0.000000	0.000000	0.000000	0.011154	0.000000	0.007271	-0.000021	-0.000000	-0.000104	-0.010020	-0.000000	-0.000002	-0.009286	-0.000000	0.007992	0.011164	-0.000000	0.007165	-0.009293	-0.000000	0.007805	-0.006618	-0.000000	0.007721
0.000000	0.000000	0.000000	0.011164	0.000000	0.007165	-0.000024	-0.000000	-0.000120	-0.010024	-0.000000	-0.000014	-0.009271	-0.000000	0.007978	0.011175	-0.000000	0.007053	-0.009278	-0.000000	0.007794	-0.006604	-0.000000	0.007697
0.000000	0.000000	0.000000	0.011175	0.000000	0.007053	-0.000028	-0.000000	-0.000137	-0.010028	-0.000000	-0.000028	-0.009254	-0.000000	0.007962	0.011187	-0.000000	0.006928	-0.009262	-0.000000	0.007793	-0.006588	-0.000000	0.007680
0.000000	0.000000	0.000000	0.011187	0.000000	0.006928	-0.000032	-0.000000	-0.000155	-0.010032	-0.000000	-0.000045	-0.009236	-0.000000	0.007943	0.011199	-0.000000	0.006789	-0.009243	-0.000000	0.007803	-0.006571	-0.000000	0.007670
0.000000	0.000000	0.000000	0.011199	0.000000	0.006789	-0.000037	-0.000000	-0.000174	-0.010036	-0.000000	-0.000063	-0.009216	-0.000000	0.007922	0.011211	-0.000000	0.006635	-0.009222	-0.000000	0.007825	-0.006550	-0.000000	0.007669
0.000000	0.000000	0.000000	0.011211	0.000000	0.006635	-0.000041	-0.000000	-0.000194	-0.010041	-0.000000	-0.000084	-0.009194	-0.000000	0.007899	0.011223	-0.000000	0.006471	-0.009197	-0.000000	0.007857	-0.006528	-0.000000	0.007675
0.000000	0.000000	0.000000	0.011223	0.000000	0.006471	-0.000046	-0.000000	-0.000215	-0.010046	-0.000000	-0.000107	-0.009172	-0.000000	0.007873	0.011234	-0.000000	0.006301	-0.009170	-0.000000	0.007897	-0.006503	-0.000000	0.007688
0.000000	0.000000	0.000000	0.011234	0.000000	0.006301	-0.000052	-0.000000	-0.000236	-0.010051	-0.000000	-0.000129	-0.009149	-0.000000	0.007847	0.011246	-0.000000	0.006130	-0.009141	-0.000000	0.007941	-0.006476	-0.000000	0.007704
0.000000	0.000000	0.000000	0.011246	0.000000	0.006130	-0.000057	-0.000000	-0.000258	-0.010056	-0.000000	-0.000153	-0.009125	-0.000000	0.007821	0.011257	-0.000000	0.005957	-0.009109	-0.000000	0.007989	-0.006446	-0.000000	0.007723
0.000000	0.000000	0.000000	0.011257	0.000000	0.005957	-0.000062	-0.000000	-0.000280	-0.010062	-0.000000	-0.000175	-0.009099	-0.000000	0.007795	0.011268	-0.000000	0.005778	-0.009074	-0.000000	0.008038	-0.006414	-0.000000	0.007743
0.000000	0.000000	0.000000	0.011268	0.000000	0.005778	-0.000068	-0.000000	-0.000304	-0.010067	-0.000000	-0.000196	-0.009072	-0.000000	0.007770	0.011278	-0.000000	0.005584	-0.009035	-0.000000	0.008093	-0.006379	-0.000000	0.007765
0.000000	0.000000	0.000000	0.011278	0.000000	0.005584	-0.000074	-0.000000	-0.000327	-0.010073	-0.000000	-0.000216	-0.009043	-0.000000	0.007746	0.011286	-0.000000	0.005370	-0.008991	-0.000000	0.008155	-0.006340	-0.000000	0.007791
0.000000	0.000000	0.000000	0.011286	0.000000	0.005370	-0.000081	-0.000000	-0.000352	-0.010080	-0.000000	-0.000235	-0.009012	-0.000000	0.007721	0.011292	-0.000000	0.005137	-0.008941	-0.000000	0.008225	-0.006296	-0.000000	0.007822
0.000000	0.000000	0.000000	0.011292	0.000000	0.005137	-0.000088	-0.000000	-0.000377	-0.010088	-0.000000	-0.000254	-0.008979	-0.000000	0.007697	0.011295	-0.000000	0.004891	-0.008886	-0.000000	0.008302	-0.006248	-0.000000	0.007856
0.000000	0.000000	0.000000	0.011295	0.000000	0.004891	-0.000097	-0.000000	-0.000402	-0.010096	-0.000000	-0.000273	-0.008946	-0.000000	0.007672	0.011295	-0.000000	0.004639	-0.008826	-0.000000	0.008385	-0.006195	-0.000000	0.007896
0.000000	0.000000	0.000000	0.011295	0.000000	0.004639	-0.000105	-0.000000	-0.000427	-0.010104	-0.000000	-0.000292	-0.008912	-0.000000	0.007646	0.011294	-0.000000	0.004387	-0.008761	-0.000000	0.008474	-0.006139	-0.000000	0.007940
0.000000	0.000000	0.000000	0.011294	0.000000	0.004387	-0.000114	-0.000000	-0.000453	-0.010113	-0.000000	-0.000313	-0.008878	-0.000000	0.007619	0.011291	-0.000000	0.004139	-0.008691	-0.000000	0.008569	-0.006079	-0.000000	0.007990
0.000000	0.000000	0.000000	0.011291	0.000000	0.004139	-0.000123	-0.000000	-0.000479	-0.010122	-0.000000	-0.000335	-0.008845	-0.000000	0.007590	0.011285	-0.000000	0.003892	-0.008616	-0.000000	0.008673	-0.006014	-0.000000	0.008048
0.000000	0.000000	0.000000	0.011285	0.000000	0.003892	-0.000133	-0.000000	-0.000504	-0.010132	-0.000000	-0.000358	-0.008812	-0.000000	0.007560	0.011276	-0.000000	0.003639	-0.008533	-0.000000	0.008788	-0.005943	-0.000000	0.008114
0.000000	0.000000	0.000000	0.011276	0.000000	0.003639	-0.000145	-0.000000	-0.000529	-0.010144	-0.000000	-0.000383	-0.008780	-0.000000	0.007528	0.011261	-0.000000	0.003376	-0.008442	-0.000000	0.008917	-0.005866	-0.000000	0.008192
0.000000	0.000000	0.000000	0.011261	0.000000	0.003376	-0.000158	-0.000000	-0.000554	-0.010157	-0.000000	-0.000409	-0.008750	-0.000000	0.007495	0.011240	-0.000000	0.003101	-0.008340	-0.000000	0.009061	-0.005780	-0.000000	0.008282
0.000000	0.000000	0.000000	0.011240	0.000000	0.003101	-0.000173	-0.000000	-0.000578	-0.010172	-0.000000	-0.000436	-0.008722	-0.000000	0.007460	0.011211	-0.000000	0.002817	-0.008228	-0.000000	0.009222	-0.005686	-0.000000	0.008384
0.000000	0.000000	0.000000	0.011211	0.000000	0.002817	-0.000190	-0.000000	-0.000602	-0.010189	-0.000000	-0.000465	-0.008698	-0.000000	0.007423	0.011176	-0.000000	0.002530	-0.008105	-0.000000	0.009397	-0.005584	-0.000000	0.008499
0.000000	0.000000	0.000000	0.011176	0.000000	0.002530	-0.000209	-0.000000	-0.000624	-0.010208	-0.000000	-0.000496	-0.008677	-0.000000	0.007385	0.011135	-0.000000	0.002249	-0.007972	-0.000000	0.009585	-0.005474	-0.000000	0.008626
0.000000	0.000000	0.000000	0.011135	0.000000	0.002249	-0.000229	-0.000000	-0.000646	-0.010228	-0.000000	-0.000528	-0.008660	-0.000000	0.007345	0.011091	-0.000000	0.001978	-0.007828	-0.000000	0.009787	-0.005355	-0.000000	0.008766
0.000000	0.000000	0.000000	0.011091	0.000000	0.001978	-0.000251	-0.000000	-0.000666	-0.010250	-0.000000	-0.000562	-0.008648	-0.000000	0.007304	0.011041	-0.000000	0.001716	-0.007674	-0.000000	0.010002	-0.005227	-0.000000	0.008918
0.000000	0.000000	0.000000	0.011041	0.000000	0.001716	-0.000275	-0.000000	-0.000686	-0.010274	-0.000000	-0.000597	-0.008642	-0.000000	0.007263	0.010986	-0.000000	0.001461	-0.007507	-0.000000	0.010231	-0.005089	-0.000000	0.009084
0.000000	0.000000	0.000000	0.010986	0.000000	0.001461	-0.000301	-0.000000	-0.000704	-0.010301	-0.000000	-0.000633	-0.008641	-0.000000	0.007222	0.010922	-0.000000	0.001207	-0.007326	-0.000000	0.010475	-0.004940	-0.000000	0.009263
0.000000	0.000000	0.000000	0.010922	0.000000	0.001207	-0.000331	-0.000000	-0.000720	-0.010331	-0.000000	-0.000668	-0.008647	-0.000000	0.007181	0.010849	-0.000000	0.000952	-0.007129	-0.000000	0.010735	-0.004778	-0.000000	0.009456
0.000000	0.000000	0.000000	0.010849	0.000000	0.000952	-0.000362	-0.000000	-0.000736	-0.010362	-0.000000	-0.000703	-0.008659	-0.000000	0.007142	0.010772	-0.000000	0.000711	-0.006917	-0.000000	0.011008	-0.004604	-0.000000	0.009662
0.000000	0.000000	0.000000	0.010772	0.000000	0.000711	-0.000391	-0.000000	-0.000751	-0.010391	-0.000000	-0.000738	-0.008672	-0.000000	0.007103	0.010705	-0.000000	0.000513	-0.006693	-0.000000	0.011293	-0.004418	-0.000000	0.009884
0.000000	0.000000	0.000000	0.010705	0.000000	0.000513	-0.000420	-0.000000	-0.000766	-0.010420	-0.000000	-0.000773	-0.008688	-0.000000	0.007066	0.010643	-0.000000	0.000343	-0.006455	-0.000000	0.011593	-0.004219	-0.000000	0.010122
0.000000	0.000000	0.000000	0.010643	0.000000	0.000343	-0.000449	-0.000000	-0.000781	-0.010449	-0.000000	-0.000805	-0.008706	-0.000000	0.007031	0.010587	-0.000000	0.000199	-0.006201	-0.000000	0.011907	-0.004006	-0.000000	0.010376
0.000000	0.000000	0.000000	0.010587	0.000000	0.000199	-0.000477	-0.000000	-0.000796	-0.010477	-0.000000	-0.000836	-0.008726	-0.000000	0.006998	0.010536	-0.000000	0.000079	-0.005931	-0.000000	0.012235	-0.003778	-0.000000	0.010645
0.000000	0.000000	0.000000	0.010536	0.000000	0.000079	-0.000504	-0.000000	-0.000810	-0.010504	-0.000000	-0.000865	-0.008749	-0.000000	0.006969	0.010488	-0.000000	-0.000020	-0.005644	-0.000000	0.012576	-0.003535	-0.000000	0.010929
0.000000	0.000000	0.000000	0.010488	0.000000	-0.000020	-0.000530	-0.000000	-0.000825	-0.010530	-0.000000	-0.000891	-0.008773	-0.000000	0.006942	0.010446	-0.000000	-0.000097	-0.005340	-0.000000	0.012930	-0.003276	-0.000000	0.011226
0.000000	0.000000	0.000000	0.010446	0.000000	-0.000097	-0.000556	-0.000000	-0.000840	-0.010556	-0.000000	-0.000915	-0.008798	-0.000000	0.006918	0.010409	-0.000000	-0.000153	-0.005022	-0.000000	0.013293	-0.003005	-0.000000	0.011535
0.000000	0.000000	0.000000	0.010409	0.000000	-0.000153	-0.000582	-0.000000	-0.000856	-0.010581	-0.000000	-0.000935	-0.008825	-0.000000	0.006898	0.010377	-0.000000	-0.000186	-0.004692	-0.000000	0.013665	-0.002722	-0.000000	0.011854
0.000000	0.000000	0.000000	0.010377	0.000000	-0.000186	-0.000606	-0.000000	-0.000872	-0.010606	-0.000000	-0.000954	-0.008853	-0.000000	0.006880	0.010352	-0.000000	-0.000196	-0.004351	-0.000000	0.014042	-0.002429	-0.000000	0.012181
0.000000	0.000000	0.000000	0.010352	0.000000	-0.000196	-0.000630	-0.000000	-0.000888	-0.010630	-0.000000	-0.000970	-0.008881	-0.000000	0.006865	0.010334	-0.000000	-0.000183	-0.004002	-0.000000	0.014425	-0.002128	-0.000000	0.012515
0.000000	0.000000	0.000000	0.010334	0.000000	-0.000183	-0.000654	-0.000000	-0.000905	-0.010653	-0.000000	-0.000984	-0.008910	-0.000000	0.006852	0.010323	-0.000000	-0.000149	-0.003645	-0.000000	0.014812	-0.001819	-0.000000	0.012856
0.000000	0.000000	0.000000	0.010323	0.000000	-0.000149	-0.000677	-0.000000	-0.000923	-0.010676	-0.000000	-0.000995	-0.008939	-0.000000	0.006842	0.010317	-0.000000	-0.000094	-0.003279	-0.000000	0.015204	-0.001502	-0.000000	0.013204
0.000000	0.000000	0.000000	0.010317	0.000000	-0.000094	-0.000699	-0.000000	-0.000941	-0.010699	-0.000000	-0.001004	-0.008968	-0.000000	0.006835	0.010316	-0.000000	-0.000022	-0.002904	-0.000000	0.015602	-0.001176	-0.000000	0.013559
0.000000	0.000000	0.000000	0.010316	0.000000	-0.000022	-0.000721	-0.000000	-0.000960	-0.010721	-0.000000	-0.001010	-0.008999	-0.000000	0.006830	0.010318	-0.000000	0.000065	-0.002519	-0.000000	0.016007	-0.000840	-0.000000	0.013923
0.000000	0.000000	0.000000	0.010318	0.000000	0.000065	-0.000743	-0.000000	-0.000979	-0.010743	-0.000000	-0.001014	-0.009032	-0.000000	0.006829	0.010321	-0.000000	0.000167	-0.002121	-0.000000	0.016419	-0.000494	-0.000000	0.014294
0.000000	0.000000	0.000000	0.010321	0.000000	0.000167	-0.000765	-0.000000	-0.001000	-0.010765	-0.000000	-0.001016	-0.009068	-0.000000	0.006830	0.010324	-0.000000	0.000282	-0.001710	-0.000000	0.016838	-0.000137	-0.000000	0.014674
0.000000	0.000000	0.000000	0.010324	0.000000	0.000282	-0.000788	-0.000000	-0.001021	-0.010788	-0.000000	-0.001015	-0.009107	-0.000000	0.006835	0.010326	-0.000000	0.000411	-0.001286	-0.000000	0.017265	0.000232	-0.000000	0.015061
0.000000	0.000000	0.000000	0.010326	0.000000	0.000411	-0.000810	-0.000000	-0.001043	-0.010810	-0.000000	-0.001012	-0.009149	-0.000000	0.006842	0.010328	-0.000000	0.000553	-0.000850	-0.000000	0.017698	0.000611	-0.000000	0.015456
0.000000	0.000000	0.000000	0.010328	0.000000	0.000553	-0.000833	-0.000000	-0.001066	-0.010833	-0.000000	-0.001007	-0.009195	-0.000000	0.006852	0.010329	-0.000000	0.000709	-0.000403	-0.000000	0.018137	0.001000	-0.000000	0.015858
0.000000	0.000000	0.000000	0.010329	0.000000	0.000709	-0.000855	-0.000000	-0.001090	-0.010855	-0.000000	-0.001001	-0.009241	-0.000000	0.006863	0.010333	-0.000000	0.000884	0.000051	-0.000000	0.018581	0.001396	-0.000000	0.016267
0.000000	0.000000	0.000000	0.010333	0.000000	0.000884	-0.000877	-0.000000	-0.001115	-0.010877	-0.000000	-0.000993	-0.009288	-0.000000	0.006876	0.010340	-0.000000	0.001078	0.000513	-0.000000	0.019031	0.001798	-0.000000	0.016684
0.000000	0.000000	0.000000	0.010340	0.000000	0.001078	-0.000899	-0.000000	-0.001141	-0.010898	-0.000000	-0.000985	-0.009335	-0.000000	0.006889	0.010352	-0.000000	0.001291	0.000980	-0.000000	0.019486	0.002205	-0.000000	0.017108
0.000000	0.000000	0.000000	0.010352	0.000000	0.001291	-0.000924	-0.000000	-0.001167	-0.010922	-0.000000	-0.000973	-0.009388	-0.000000	0.006906	0.010356	-0.000000	0.001514	0.001457	-0.000000	0.019945	0.002620	-0.000000	0.017535
0.000000	0.000000	0.000000	0.010356	0.000000	0.001514	-0.000950	-0.000000	-0.001193	-0.010947	-0.000000	-0.000960	-0.009444	-0.000000	0.006926	0.010357	-0.000000	0.001750	0.001942	-0.000000	0.020407	0.003042	-0.000000	0.017967
0.000000	0.000000	0.000000	0.010357	0.000000	0.001750	-0.000976	-0.000000	-0.001221	-0.010972	-0.000000	-0.000945	-0.009494	-0.000000	0.006945	0.010370	-0.000000	0.002011	0.002428	-0.000000	0.020874	0.003466	-0.000000	0.018408
0.000000	0.000000	0.000000	0.010370	0.000000	0.002011	-0.001004	-0.000000	-0.001249	-0.010998	-0.000000	-0.000928	-0.009542	-0.000000	0.006967	0.010384	-0.000000	0.002288	0.002921	-0.000000	0.021346	0.003897	-0.000000	0.018854
0.000000	0.000000	0.000000	0.010384	0.000000	0.002288	-0.001026	-0.000000	-0.001279	-0.011019	-0.000000	-0.000914	-0.009568	-0.000000	0.006981	0.010426	-0.000000	0.002603	0.003403	-0.000000	0.021827	0.004321	-0.000000	0.019314
0.000000	0.000000	0.000000	0.010426	0.000000	0.002603	-0.001046	-0.000000	-0.001311	-0.011038	-0.000000	-0.000901	-0.009585	-0.000000	0.006994	0.010477	-0.000000	0.002941	0.003884	0.000000	0.022317	0.004746	-0.000000	0.019784
0.000000	0.000000	0.000000	0.010477	0.000000	0.002941	-0.001065	-0.000000	-0.001344	-0.011055	-0.000000	-0.000888	-0.009595	-0.000000	0.007006	0.010533	-0.000000	0.003298	0.004368	0.000000	0.022815	0.005174	-0.000000	0.020263
0.000000	0.000000	0.000000	0.010533	0.000000	0.003298	-0.001083	-0.000000	-0.001379	-0.011071	-0.000000	-0.000875	-0.009603	-0.000000	0.007017	0.010589	-0.000000	0.003673	0.004856	0.000000	0.023320	0.005606	-0.000000	0.020752
0.000000	0.000000	0.000000	0.010589	0.000000	0.003673	-0.001101	-0.000000	-0.001415	-0.011085	-0.000000	-0.000862	-0.009610	-0.000000	0.007029	0.010641	-0.000000	0.004062	0.005350	0.000000	0.023834	0.006042	-0.000000	0.021249
0.000000	0.000000	0.000000	0.010641	0.000000	0.004062	-0.001118	-0.000000	-0.001452	-0.011100	-0.000000	-0.000846	-0.009620	-0.000000	0.007044	0.010684	-0.000000	0.004465	0.005852	0.000000	0.024353	0.006484	0.000000	0.021753
0.000000	0.000000	0.000000	0.010684	0.000000	0.004465	-0.001136	-0.000000	-0.001491	-0.011114	-0.000000	-0.000827	-0.009634	-0.000000	0.007063	0.010716	-0.000000	0.004879	0.006363	0.000000	0.024878	0.006932	0.000000	0.022264
0.000000	0.000000	0.000000	0.010716	0.000000	0.004879	-0.001153	-0.000000	-0.001531	-0.011126	-0.000000	-0.000803	-0.009655	-0.000000	0.007088	0.010735	-0.000000	0.005305	0.006884	0.000000	0.025407	0.007387	0.000000	0.022778
0.000000	0.000000	0.000000	0.010735	0.000000	0.005305	-0.001170	-0.000000	-0.001572	-0.011138	-0.000000	-0.000769	-0.009684	-0.000000	0.007126	0.010736	-0.000000	0.005741	0.007415	0.000000	0.025937	0.007849	0.000000	0.023296
0.000000	0.000000	0.000000	0.010736	0.000000	0.005741	-0.001186	-0.000000	-0.001615	-0.011146	-0.000000	-0.000719	-0.009723	-0.000000	0.007182	0.010720	-0.000000	0.006188	0.007957	0.000000	0.026467	0.008318	0.000000	0.023816
0.000000	0.000000	0.000000	0.010720	0.000000	0.006188	-0.001200	-0.000000	-0.001660	-0.011149	-0.000000	-0.000645	-0.009772	-0.000000	0.007263	0.010685	-0.000000	0.006646	0.008510	0.000000	0.026997	0.008795	0.000000	0.024336
0.000000	0.000000	0.000000	0.010685	0.000000	0.006646	-0.001212	-0.000000	-0.001706	-0.011144	-0.000000	-0.000542	-0.009834	-0.000000	0.007378	0.010631	-0.000000	0.007117	0.009075	0.000000	0.027524	0.009279	0.000000	0.024856
0.000000	0.000000	0.000000	0.010631	0.000000	0.007117	-0.001220	-0.000000	-0.001755	-0.011128	-0.000000	-0.000402	-0.009909	-0.000000	0.007533	0.010557	-0.000000	0.007602	0.009651	0.000000	0.028049	0.009769	0.000000	0.025375
0.000000	0.000000	0.000000	0.010557	0.000000	0.007602	-0.001223	-0.000000	-0.001804	-0.011096	-0.000000	-0.000217	-0.009999	-0.000000	0.007735	0.010465	-0.000000	0.008103	0.010238	0.000000	0.028569	0.010267	0.000000	0.025893
0.000000	0.000000	0.000000	0.010465	0.000000	0.008103	-0.001221	-0.000000	-0.001856	-0.011044	-0.000000	0.000018	-0.010102	-0.000000	0.007990	0.010355	-0.000000	0.008623	0.010835	0.000000	0.029084	0.010772	0.000000	0.026409
0.000000	0.000000	0.000000	0.010355	0.000000	0.008623	-0.001214	-0.000000	-0.001909	-0.010965	-0.000000	0.000308	-0.010221	-0.000000	0.008301	0.010228	0.000000	0.009163	0.011441	0.000000	0.029594	0.011283	0.000000	0.026923
0.000000	0.000000	0.000000	0.010228	0.000000	0.009163	-0.001200	-0.000000	-0.001964	-0.010850	-0.000000	0.000658	-0.010353	-0.000000	0.008670	0.010087	0.000000	0.009726	0.012057	0.000000	0.030098	0.011799	0.000000	0.027434
0.000000	0.000000	0.000000	0.010087	0.000000	0.009726	-0.001179	-0.000000	-0.002021	-0.010689	-0.000000	0.001073	-0.010500	-0.000000	0.009099	0.009931	0.000000	0.010314	0.012680	0.000000	0.030595	0.012320	0.000000	0.027944
0.000000	0.000000	0.000000	0.009931	0.000000	0.010314	-0.001163	-0.000000	-0.002076	-0.010487	-0.000000	0.001539	-0.010644	-0.000000	0.009565	0.009778	0.000000	0.010929	0.013308	0.000000	0.031089	0.012846	0.000000	0.028453
0.000000	0.000000	0.000000	0.009778	0.000000	0.010929	-0.001153	-0.000000	-0.002130	-0.010241	-0.000000	0.002043	-0.010774	-0.000000	0.010053	0.009638	0.000000	0.011565	0.013943	0.000000	0.031574	0.013380	0.000000	0.028958
0.000000	0.000000	0.000000	0.009638	0.000000	0.011565	-0.001162	-0.000000	-0.002178	-0.009966	-0.000000	0.002564	-0.010872	-0.000000	0.010541	0.009526	0.000000	0.012226	0.014580	0.000000	0.032060	0.013919	0.000000	0.029467
0.000000	0.000000	0.000000	0.009526	0.000000	0.012226	-0.001185	-0.000000	-0.002222	-0.009649	-0.000000	0.003104	-0.010939	-0.000000	0.011027	0.009441	0.000000	0.012909	0.015220	0.000000	0.032544	0.014464	0.000000	0.029977
0.000000	0.000000	0.000000	0.009441	0.000000	0.012909	-0.001223	-0.000000	-0.002261	-0.009283	-0.000000	0.003657	-0.010972	-0.000000	0.011506	0.009387	0.000000	0.013612	0.015861	0.000000	0.033028	0.015014	0.000000	0.030490
0.000000	0.000000	0.000000	0.009387	0.000000	0.013612	-0.001277	-0.000000	-0.002295	-0.008862	-0.000000	0.004221	-0.010964	-0.000000	0.011969	0.009366	0.000000	0.014331	0.016503	0.000000	0.033514	0.015570	0.000000	0.031006
0.000000	0.000000	0.000000	0.009366	0.000000	0.014331	-0.001349	-0.000000	-0.002321	-0.008377	-0.000000	0.004792	-0.010911	-0.000000	0.012409	0.009383	0.000000	0.015065	0.017144	0.000000	0.034003	0.016129	0.000000	0.031527
0.000000	0.000000	0.000000	0.009383	0.000000	0.015065	-0.001443	-0.000000	-0.002336	-0.007822	-0.000000	0.005365	-0.010807	-0.000000	0.012818	0.009441	0.000000	0.015808	0.017784	0.000000	0.034497	0.016693	0.000000	0.032054
0.000000	0.000000	0.000000	0.009441	0.000000	0.015808	-0.001570	-0.000000	-0.002328	-0.007193	-0.000000	0.005942	-0.010644	-0.000000	0.013189	0.009544	0.000000	0.016558	0.018423	0.000000	0.034998	0.017262	0.000000	0.032587
0.000000	0.000000	0.000000	0.009544	0.000000	0.016558	-0.001743	-0.000000	-0.002277	-0.006527	-0.000000	0.006504	-0.010425	-0.000000	0.013522	0.009688	0.000000	0.017309	0.019056	0.000000	0.035507	0.017832	0.000000	0.033128
0.000000	0.000000	0.000000	0.009688	0.000000	0.017309	-0.001960	-0.000000	-0.002184	-0.005828	-0.000000	0.007038	-0.010143	-0.000000	0.013807	0.009880	0.000000	0.018048	0.019691	0.000000	0.036010	0.018409	0.000000	0.033662
0.000000	0.000000	0.000000	0.009880	0.000000	0.018048	-0.002227	-0.000000	-0.002035	-0.005145	-0.000000	0.007530	-0.009809	-0.000000	0.014063	0.010106	0.000000	0.018784	0.020318	0.000000	0.036522	0.018983	0.000000	0.034203
0.000000	0.000000	0.000000	0.010106	0.000000	0.018784	-0.002537	-0.000000	-0.001840	-0.004457	-0.000000	0.007974	-0.009417	-0.000000	0.014286	0.010372	0.000000	0.019511	0.020941	0.000000	0.037038	0.019559	0.000000	0.034746
0.000000	0.000000	0.000000	0.010372	0.000000	0.019511	-0.002892	-0.000000	-0.001595	-0.003760	-0.000000	0.008368	-0.008967	-0.000000	0.014477	0.010677	0.000000	0.020225	0.021559	0.000000	0.037559	0.020137	0.000000	0.035293
0.000000	0.000000	0.000000	0.010677	0.000000	0.020225	-0.003298	-0.000000	-0.001292	-0.003048	-0.000000	0.008705	-0.008456	-0.000000	0.014637	0.011021	0.000000	0.020928	0.022174	0.000000	0.038088	0.020716	0.000000	0.035845
0.000000	0.000000	0.000000	0.011021	0.000000	0.020928	-0.003765	-0.000000	-0.000915	-0.002316	-0.000000	0.008979	-0.007882	-0.000000	0.014764	0.011405	0.000000	0.021614	0.022786	0.000000	0.038625	0.021298	0.000000	0.036401
0.000000	0.000000	0.000000	0.011405	0.000000	0.021614	-0.004314	-0.000000	-0.000439	-0.001566	-0.000000	0.009176	-0.007239	-0.000000	0.014856	0.011833	0.000000	0.022282	0.023395	0.000000	0.039170	0.021883	0.000000	0.036962
0.000000	0.000000	0.000000	0.011833	0.000000	0.022282	-0.004980	-0.000000	0.000174	-0.000812	-0.000000	0.009264	-0.006523	-0.000000	0.014906	0.012306	0.000000	0.022930	0.024002	0.000000	0.039726	0.022473	0.000000	0.037530
0.000000	0.000000	0.000000	0.012306	0.000000	0.022930	-0.005728	-0.000000	0.000913	-0.000125	0.000000	0.009196	-0.005751	-0.000000	0.014922	0.012811	0.000000	0.023545	0.024600	0.000000	0.040276	0.023058	0.000000	0.038089
0.000000	0.000000	0.000000	0.012811	0.000000	0.023545	-0.006406	-0.000000	0.001763	0.000472	0.000000	0.009022	-0.004949	-0.000000	0.014942	0.013333	0.000000	0.024143	0.025189	0.000000	0.040826	0.023639	0.000000	0.038645
0.000000	0.000000	0.000000	0.013333	0.000000	0.024143	-0.006993	-0.000000	0.002700	0.000967	0.000000	0.008753	-0.004121	-0.000000	0.014963	0.013873	0.000000	0.024716	0.025771	0.000000	0.041370	0.024215	0.000000	0.039192
0.000000	0.000000	0.000000	0.013873	0.000000	0.024716	-0.007477	-0.000000	0.003705	0.001345	0.000000	0.008413	-0.003267	-0.000000	0.014983	0.014429	0.000000	0.025265	0.026345	0.000000	0.041907	0.024787	0.000000	0.039731
0.000000	0.000000	0.000000	0.014429	0.000000	0.025265	-0.007854	-0.000000	0.004760	0.001596	0.000000	0.008031	-0.002389	-0.000000	0.015000	0.015003	0.000000	0.025790	0.026910	0.000000	0.042437	0.025354	0.000000	0.040261
0.000000	0.000000	0.000000	0.015003	0.000000	0.025790	-0.008123	-0.000000	0.005844	0.001713	0.000000	0.007648	-0.001484	-0.000000	0.015011	0.015596	0.000000	0.026289	0.027468	0.000000	0.042961	0.025916	0.000000	0.040781
0.000000	0.000000	0.000000	0.015596	0.000000	0.026289	-0.008293	-0.000000	0.006940	0.001701	0.000000	0.007308	-0.000552	-0.000000	0.015013	0.016208	0.000000	0.026762	0.028018	0.000000	0.043478	0.026473	0.000000	0.041293
0.000000	0.000000	0.000000	0.016208	0.000000	0.026762	-0.008378	-0.000000	0.008032	0.001574	0.000000	0.007060	0.000410	-0.000000	0.015003	0.016840	0.000000	0.027208	0.028559	0.000000	0.043988	0.027027	0.000000	0.041794
0.000000	0.000000	0.000000	0.016840	0.000000	0.027208	-0.008399	-0.000000	0.009112	0.001364	0.000000	0.006949	0.001403	-0.000000	0.014977	0.017494	0.000000	0.027624	0.029091	0.000000	0.044489	0.027575	0.000000	0.042284
0.000000	0.000000	0.000000	0.017494	0.000000	0.027624	-0.008375	-0.000000	0.010178	0.001111	0.000000	0.007015	0.002425	0.000000	0.014934	0.018170	0.000000	0.028011	0.029613	0.000000	0.044980	0.028117	0.000000	0.042762
0.000000	0.000000	0.000000	0.018170	0.000000	0.028011	-0.008322	-0.000000	0.011230	0.000867	-0.000000	0.007285	0.003473	0.000000	0.014878	0.018865	0.000000	0.028368	0.030125	0.000000	0.045460	0.028653	0.000000	0.043225
0.000000	0.000000	0.000000	0.018865	0.000000	0.028368	-0.008249	-0.000000	0.012271	0.000682	-0.000000	0.007773	0.004541	0.000000	0.014812	0.019579	0.000000	0.028696	0.030626	0.000000	0.045926	0.029181	0.000000	0.043673
0.000000	0.000000	0.000000	0.019579	0.000000	0.028696	-0.008157	-0.000000	0.013299	0.000602	-0.000000	0.008476	0.005620	0.000000	0.014742	0.020306	0.000000	0.028998	0.031115	0.000000	0.046378	0.029702	0.000000	0.044106
0.000000	0.000000	0.000000	0.020306	0.000000	0.028998	-0.008040	-0.000000	0.014311	0.000663	-0.000000	0.009386	0.006700	0.000000	0.014677	0.021044	0.000000	0.029277	0.031595	0.000000	0.046815	0.030216	0.000000	0.044522
0.000000	0.000000	0.000000	0.021044	0.000000	0.029277	-0.007834	-0.000000	0.015271	0.000911	-0.000000	0.010421	0.007742	0.000000	0.014638	0.021774	0.000000	0.029538	0.032062	0.000000	0.047231	0.030717	0.000000	0.044918
0.000000	0.000000	0.000000	0.021774	0.000000	0.029538	-0.007508	-0.000000	0.016159	0.001347	-0.000000	0.011514	0.008738	0.000000	0.014648	0.022498	0.000000	0.029799	0.032529	0.000000	0.047640	0.031218	0.000000	0.045307
0.000000	0.000000	0.000000	0.022498	0.000000	0.029799	-0.007066	-0.000000	0.016978	0.001931	-0.000000	0.012613	0.009684	0.000000	0.014697	0.023212	0.000000	0.030056	0.032994	0.000000	0.048034	0.031715	0.000000	0.045683
0.000000	0.000000	0.000000	0.023212	0.000000	0.030056	-0.006512	-0.000000	0.017735	0.002631	-0.000000	0.013684	0.010584	0.000000	0.014778	0.023915	0.000000	0.030308	0.033457	0.000000	0.048415	0.032209	0.000000	0.046048
0.000000	0.000000	0.000000	0.023915	0.000000	0.030308	-0.005859	-0.000000	0.018437	0.003417	-0.000000	0.014702	0.011443	0.000000	0.014886	0.024607	0.000000	0.030558	0.033920	0.000000	0.048784	0.032703	0.000000	0.046401
0.000000	0.000000	0.000000	0.024607	0.000000	0.030558	-0.005127	-0.000000	0.019087	0.004265	-0.000000	0.015651	0.012267	0.000000	0.015015	0.025288	0.000000	0.030806	0.034385	0.000000	0.049141	0.033196	0.000000	0.046744
0.000000	0.000000	0.000000	0.025288	0.000000	0.030806	-0.004335	-0.000000	0.019683	0.005153	-0.000000	0.016524	0.013063	0.000000	0.015159	0.025958	0.000000	0.031053	0.034853	0.000000	0.049487	0.033690	0.000000	0.047077
0.000000	0.000000	0.000000	0.025958	0.000000	0.031053	-0.003506	-0.000000	0.020221	0.006064	-0.000000	0.017318	0.013837	0.000000	0.015313	0.026618	0.000000	0.031299	0.035324	0.000000	0.049822	0.034185	0.000000	0.047400
0.000000	0.000000	0.000000	0.026618	0.000000	0.031299	-0.002653	-0.000000	0.020703	0.006984	0.000000	0.018034	0.014592	0.000000	0.015473	0.027267	0.000000	0.031544	0.035798	0.000000	0.050148	0.034683	0.000000	0.047716
0.000000	0.000000	0.000000	0.027267	0.000000	0.031544	-0.001785	-0.000000	0.021148	0.007903	0.000000	0.018669	0.015336	0.000000	0.015635	0.027906	0.000000	0.031787	0.036278	0.000000	0.050464	0.035183	0.000000	0.048022
0.000000	0.000000	0.000000	0.027906	0.000000	0.031787	-0.000910	-0.000000	0.021566	0.008812	0.000000	0.019226	0.016070	0.000000	0.015795	0.028535	0.000000	0.032028	0.036760	0.000000	0.050770	0.035685	0.000000	0.048320
0.000000	0.000000	0.000000	0.028535	0.000000	0.032028	-0.000033	-0.000000	0.021978	0.009705	0.000000	0.019705	0.016800	0.000000	0.015950	0.029157	0.000000	0.032266	0.037247	0.000000	0.051066	0.036189	0.000000	0.048608
0.000000	0.000000	0.000000	0.029157	0.000000	0.032266	0.000836	-0.000000	0.022381	0.010576	0.000000	0.020115	0.017527	0.000000	0.016099	0.029772	0.000000	0.032499	0.037738	0.000000	0.051352	0.036696	0.000000	0.048887
0.000000	0.000000	0.000000	0.029772	0.000000	0.032499	0.001693	-0.000000	0.022775	0.011423	0.000000	0.020466	0.018250	0.000000	0.016243	0.030382	0.000000	0.032727	0.038232	0.000000	0.051629	0.037206	0.000000	0.049158
0.000000	0.000000	0.000000	0.030382	0.000000	0.032727	0.002535	-0.000000	0.023162	0.012243	0.000000	0.020763	0.018969	0.000000	0.016382	0.030987	0.000000	0.032949	0.038730	0.000000	0.051895	0.037717	0.000000	0.049418
0.000000	0.000000	0.000000	0.030987	0.000000	0.032949	0.003359	-0.000000	0.023542	0.013034	0.000000	0.021015	0.019683	0.000000	0.016516	0.031589	0.000000	0.033164	0.039231	0.000000	0.052151	0.038232	0.000000	0.049669
0.000000	0.000000	0.000000	0.031589	0.000000	0.033164	0.004166	-0.000000	0.023916	0.013797	0.000000	0.021227	0.020391	0.000000	0.016648	0.032189	0.000000	0.033372	0.039735	0.000000	0.052398	0.038748	0.000000	0.049910
0.000000	0.000000	0.000000	0.032189	0.000000	0.033372	0.004956	-0.000000	0.024284	0.014533	0.000000	0.021405	0.021092	0.000000	0.016776	0.032789	0.000000	0.033572	0.040242	0.000000	0.052633	0.039267	0.000000	0.050141
0.000000	0.000000	0.000000	0.032789	0.000000	0.033572	0.005731	-0.000000	0.024645	0.015241	0.000000	0.021552	0.021785	0.000000	0.016902	0.033388	0.000000	0.033762	0.040751	0.000000	0.052859	0.039788	0.000000	0.050362
0.000000	0.000000	0.000000	0.033388	0.000000	0.033762	0.006493	-0.000000	0.025001	0.015923	0.000000	0.021673	0.022469	0.000000	0.017026	0.033988	0.000000	0.033944	0.041262	0.000000	0.053075	0.040311	0.000000	0.050574
0.000000	0.000000	0.000000	0.033988	0.000000	0.033944	0.007245	-0.000000	0.025350	0.016582	0.000000	0.021769	0.023145	0.000000	0.017147	0.034589	0.000000	0.034116	0.041776	0.000000	0.053280	0.040836	0.000000	0.050775
0.000000	0.000000	0.000000	0.034589	0.000000	0.034116	0.007989	-0.000000	0.025691	0.017219	0.000000	0.021842	0.023814	0.000000	0.017265	0.035191	0.000000	0.034279	0.042290	0.000000	0.053475	0.041362	0.000000	0.050966
0.000000	0.000000	0.000000	0.035191	0.000000	0.034279	0.008730	-0.000000	0.026023	0.017837	0.000000	0.021892	0.024476	0.000000	0.017379	0.035793	0.000000	0.034433	0.042807	0.000000	0.053661	0.041890	0.000000	0.051147
0.000000	0.000000	0.000000	0.035793	0.000000	0.034433	0.009471	-0.000000	0.026345	0.018438	0.000000	0.021919	0.025132	0.000000	0.017488	0.036395	0.000000	0.034577	0.043324	0.000000	0.053836	0.042418	0.000000	0.051318
0.000000	0.000000	0.000000	0.036395	0.000000	0.034577	0.010215	-0.000000	0.026654	0.019025	0.000000	0.021923	0.025784	0.000000	0.017591	0.036997	0.000000	0.034713	0.043842	0.000000	0.054001	0.042947	0.000000	0.051480
0.000000	0.000000	0.000000	0.036997	0.000000	0.034713	0.010949	-0.000000	0.026922	0.019603	0.000000	0.021911	0.026430	0.000000	0.017688	0.037597	0.000000	0.034841	0.044361	0.000000	0.054158	0.043477	0.000000	0.051632
0.000000	0.000000	0.000000	0.037597	0.000000	0.034841	0.011664	-0.000000	0.027135	0.020176	0.000000	0.021887	0.027074	0.000000	0.017780	0.038196	0.000000	0.034961	0.044883	0.000000	0.054305	0.044009	0.000000	0.051776
0.000000	0.000000	0.000000	0.038196	0.000000	0.034961	0.012361	-0.000000	0.027295	0.020746	0.000000	0.021846	0.027716	0.000000	0.017864	0.038794	0.000000	0.035074	0.045407	0.000000	0.054443	0.044542	0.000000	0.051911
0.000000	0.000000	0.000000	0.038794	0.000000	0.035074	0.013038	-0.000000	0.027401	0.021315	0.000000	0.021789	0.028359	0.000000	0.017939	0.039389	0.000000	0.035180	0.045931	0.000000	0.054573	0.045076	0.000000	0.052037
0.000000	0.000000	0.000000	0.039389	0.000000	0.035180	0.013698	-0.000000	0.027457	0.021885	0.000000	0.021714	0.029004	0.000000	0.018005	0.039983	0.000000	0.035278	0.046457	0.000000	0.054694	0.045611	0.000000	0.052155
0.000000	0.000000	0.000000	0.039983	0.000000	0.035278	0.014341	-0.000000	0.027463	0.022457	0.000000	0.021621	0.029652	0.000000	0.018060	0.040575	0.000000	0.035369	0.046984	0.000000	0.054806	0.046146	0.000000	0.052265
0.000000	0.000000	0.000000	0.040575	0.000000	0.035369	0.014968	-0.000000	0.027420	0.023033	0.000000	0.021508	0.030304	0.000000	0.018104	0.041165	0.000000	0.035452	0.047512	0.000000	0.054910	0.046682	0.000000	0.052366
0.000000	0.000000	0.000000	0.041165	0.000000	0.035452	0.015581	-0.000000	0.027332	0.023614	0.000000	0.021377	0.030960	0.000000	0.018138	0.041753	0.000000	0.035528	0.048040	0.000000	0.055005	0.047218	0.000000	0.052459
0.000000	0.000000	0.000000	0.041753	0.000000	0.035528	0.016179	-0.000000	0.027199	0.024200	0.000000	0.021227	0.031620	0.000000	0.018161	0.042341	0.000000	0.035595	0.048569	0.000000	0.055092	0.047755	0.000000	0.052543
0.000000	0.000000	0.000000	0.042341	0.000000	0.035595	0.016766	-0.000000	0.027024	0.024792	0.000000	0.021060	0.032283	0.000000	0.018174	0.042928	0.000000	0.035655	0.049098	0.000000	0.055170	0.048291	0.000000	0.052618
0.000000	0.000000	0.000000	0.042928	0.000000	0.035655	0.017341	-0.000000	0.026811	0.025389	0.000000	0.020876	0.032950	0.000000	0.018176	0.043516	0.000000	0.035705	0.049626	0.000000	0.055239	0.048827	0.000000	0.052685
0.000000	0.000000	0.000000	0.043516	0.000000	0.035705	0.017906	-0.000000	0.026560	0.025992	0.000000	0.020677	0.033619	0.000000	0.018170	0.044104	0.000000	0.035747	0.050155	0.000000	0.055299	0.049363	0.000000	0.052743
0.000000	0.000000	0.000000	0.044104	0.000000	0.035747	0.018462	-0.000000	0.026275	0.026601	0.000000	0.020464	0.034289	0.000000	0.018154	0.044693	0.000000	0.035780	0.050682	0.000000	0.055351	0.049899	0.000000	0.052792
0.000000	0.000000	0.000000	0.044693	0.000000	0.035780	0.019011	-0.000000	0.025958	0.027214	0.000000	0.020238	0.034960	0.000000	0.018130	0.045283	0.000000	0.035803	0.051210	0.000000	0.055393	0.050435	0.000000	0.052832
0.000000	0.000000	0.000000	0.045283	0.000000	0.035803	0.019553	-0.000000	0.025610	0.027832	0.000000	0.020001	0.035631	0.000000	0.018098	0.045875	0.000000	0.035817	0.051737	0.000000	0.055427	0.050971	0.000000	0.052863
0.000000	0.000000	0.000000	0.045875	0.000000	0.035817	0.020090	-0.000000	0.025234	0.028454	0.000000	0.019753	0.036301	0.000000	0.018059	0.046469	0.000000	0.035821	0.052264	0.000000	0.055451	0.051506	0.000000	0.052884
0.000000	0.000000	0.000000	0.046469	0.000000	0.035821	0.020623	-0.000000	0.024831	0.029080	0.000000	0.019495	0.036970	0.000000	0.018011	0.047064	0.000000	0.035816	0.052790	0.000000	0.055466	0.052041	0.000000	0.052897
0.000000	0.000000	0.000000	0.047064	0.000000	0.035816	0.021153	-0.000000	0.024403	0.029710	0.000000	0.019227	0.037636	0.000000	0.017956	0.047661	0.000000	0.035801	0.053316	0.000000	0.055471	0.052577	0.000000	0.052899
0.000000	0.000000	0.000000	0.047661	0.000000	0.035801	0.021682	-0.000000	0.023950	0.030343	0.000000	0.018951	0.038301	0.000000	0.017894	0.048258	0.000000	0.035776	0.053842	0.000000	0.055467	0.053112	0.000000	0.052892
0.000000	0.000000	0.000000	0.048258	0.000000	0.035776	0.022212	-0.000000	0.023473	0.030980	0.000000	0.018666	0.038964	0.000000	0.017824	0.048855	0.000000	0.035742	0.054368	0.000000	0.055453	0.053647	0.000000	0.052876
0.000000	0.000000	0.000000	0.048855	0.000000	0.035742	0.022742	-0.000000	0.022974	0.031621	0.000000	0.018372	0.039624	0.000000	0.017746	0.049453	0.000000	0.035698	0.054893	0.000000	0.055429	0.054182	0.000000	0.052850
0.000000	0.000000	0.000000	0.049453	0.000000	0.035698	0.023275	-0.000000	0.022453	0.032264	0.000000	0.018071	0.040281	0.000000	0.017660	0.050049	0.000000	0.035646	0.055419	0.000000	0.055396	0.054717	0.000000	0.052814
0.000000	0.000000	0.000000	0.050049	0.000000	0.035646	0.023813	-0.000000	0.021910	0.032911	0.000000	0.017760	0.040936	0.000000	0.017566	0.050645	0.000000	0.035584	0.055946	0.000000	0.055353	0.055253	0.000000	0.052768
0.000000	0.000000	0.000000	0.050645	0.000000	0.035584	0.024356	-0.000000	0.021347	0.033562	0.000000	0.017442	0.041589	0.000000	0.017464	0.051239	0.000000	0.035513	0.056473	0.000000	0.055300	0.055788	0.000000	0.052713
0.000000	0.000000	0.000000	0.051239	0.000000	0.035513	0.024905	-0.000000	0.020765	0.034215	0.000000	0.017116	0.042239	0.000000	0.017353	0.051831	0.000000	0.035434	0.057000	0.000000	0.055237	0.056324	0.000000	0.052648
0.000000	0.000000	0.000000	0.051831	0.000000	0.035434	0.025461	-0.000000	0.020164	0.034872	0.000000	0.016782	0.042887	0.000000	0.017233	0.052420	0.000000	0.035345	0.057528	0.000000	0.055164	0.056860	0.000000	0.052573
0.000000	0.000000	0.000000	0.052420	0.000000	0.035345	0.026027	-0.000000	0.019545	0.035532	0.000000	0.016441	0.043533	0.000000	0.017105	0.053008	0.000000	0.035247	0.058056	0.000000	0.055082	0.057396	0.000000	0.052488
0.000000	0.000000	0.000000	0.053008	0.000000	0.035247	0.026601	-0.000000	0.018910	0.036196	0.000000	0.016092	0.044175	0.000000	0.016968	0.053593	0.000000	0.035140	0.058585	0.000000	0.054989	0.057932	0.000000	0.052394
0.000000	0.000000	0.000000	0.053593	0.000000	0.035140	0.027185	-0.000000	0.018260	0.036861	0.000000	0.015737	0.044815	0.000000	0.016823	0.054176	0.000000	0.035024	0.059115	0.000000	0.054886	0.058469	0.000000	0.052290
0.000000	0.000000	0.000000	0.054176	0.000000	0.035024	0.027780	-0.000000	0.017596	0.037530	0.000000	0.015375	0.045453	0.000000	0.016669	0.054757	0.000000	0.034899	0.059644	0.000000	0.054774	0.059005	0.000000	0.052175
0.000000	0.000000	0.000000	0.054757	0.000000	0.034899	0.028385	-0.000000	0.016920	0.038200	0.000000	0.015007	0.046087	0.000000	0.016506	0.055336	0.000000	0.034764	0.060175	0.000000	0.054651	0.059542	0.000000	0.052051
0.000000	0.000000	0.000000	0.055336	0.000000	0.034764	0.029001	-0.000000	0.016231	0.038873	0.000000	0.014634	0.046718	0.000000	0.016334	0.055914	0.000000	0.034619	0.060705	0.000000	0.054518	0.060079	0.000000	0.051916
0.000000	0.000000	0.000000	0.055914	0.000000	0.034619	0.029629	-0.000000	0.015532	0.039547	0.000000	0.014255	0.047347	0.000000	0.016154	0.056490	0.000000	0.034465	0.061236	0.000000	0.054375	0.060615	0.000000	0.051772
0.000000	0.000000	0.000000	0.056490	0.000000	0.034465	0.030268	-0.000000	0.014821	0.040223	0.000000	0.013871	0.047972	0.000000	0.015966	0.057066	0.000000	0.034302	0.061766	0.000000	0.054222	0.061152	0.000000	0.051617
0.000000	0.000000	0.000000	0.057066	0.000000	0.034302	0.030918	-0.000000	0.014099	0.040899	0.000000	0.013482	0.048594	0.000000	0.015769	0.057641	0.000000	0.034128	0.062297	0.000000	0.054058	0.061688	0.000000	0.051453
0.000000	0.000000	0.000000	0.057641	0.000000	0.034128	0.031581	-0.000000	0.013367	0.041577	0.000000	0.013087	0.049213	0.000000	0.015564	0.058215	0.000000	0.033945	0.062828	0.000000	0.053885	0.062225	0.000000	0.051278
0.000000	0.000000	0.000000	0.058215	0.000000	0.033945	0.032255	-0.000000	0.012625	0.042255	0.000000	0.012687	0.049828	0.000000	0.015350	0.058788	0.000000	0.033752	0.063359	0.000000	0.053702	0.062761	0.000000	0.051093
0.000000	0.000000	0.000000	0.058788	0.000000	0.033752	0.032943	-0.000000	0.011873	0.042934	0.000000	0.012283	0.050441	0.000000	0.015127	0.059361	0.000000	0.033548	0.063889	0.000000	0.053508	0.063297	0.000000	0.050899
0.000000	0.000000	0.000000	0.059361	0.000000	0.033548	0.033644	-0.000000	0.011112	0.043615	0.000000	0.011873	0.051051	0.000000	0.014896	0.059933	0.000000	0.033335	0.064420	0.000000	0.053305	0.063833	0.000000	0.050694
0.000000	0.000000	0.000000	0.059933	0.000000	0.033335	0.034358	-0.000000	0.010342	0.044296	0.000000	0.011458	0.051659	0.000000	0.014656	0.060505	0.000000	0.033113	0.064950	0.000000	0.053091	0.064369	0.000000	0.050479
0.000000	0.000000	0.000000	0.060505	0.000000	0.033113	0.035087	-0.000000	0.009565	0.044978	0.000000	0.011039	0.052265	0.000000	0.014406	0.061076	0.000000	0.032880	0.065480	0.000000	0.052867	0.064905	0.000000	0.050254
0.000000	0.000000	0.000000	0.061076	0.000000	0.032880	0.035830	-0.000000	0.008780	0.045661	0.000000	0.010614	0.052869	0.000000	0.014148	0.061646	0.000000	0.032637	0.066010	0.000000	0.052633	0.065440	0.000000	0.050019
0.000000	0.000000	0.000000	0.061646	0.000000	0.032637	0.036589	-0.000000	0.007988	0.046344	0.000000	0.010185	0.053472	0.000000	0.013879	0.062215	0.000000	0.032385	0.066540	0.000000	0.052389	0.065975	0.000000	0.049774
0.000000	0.000000	0.000000	0.062215	0.000000	0.032385	0.037363	-0.000000	0.007190	0.047029	0.000000	0.009751	0.054073	0.000000	0.013601	0.062783	0.000000	0.032122	0.067070	0.000000	0.052135	0.066509	0.000000	0.049519
0.000000	0.000000	0.000000	0.062783	0.000000	0.032122	0.038152	-0.000000	0.006386	0.047714	0.000000	0.009312	0.054674	0.000000	0.013313	0.063351	0.000000	0.031850	0.067599	0.000000	0.051871	0.067043	0.000000	0.049253
0.000000	0.000000	0.000000	0.063351	0.000000	0.031850	0.038957	0.000000	0.005577	0.048401	0.000000	0.008867	0.055274	0.000000	0.013015	0.063917	0.000000	0.031567	0.068128	0.000000	0.051597	0.067577	0.000000	0.048978
0.000000	0.000000	0.000000	0.063917	0.000000	0.031567	0.039778	0.000000	0.004764	0.049087	0.000000	0.008417	0.055873	0.000000	0.012707	0.064482	0.000000	0.031275	0.068657	0.000000	0.051312	0.068111	0.000000	0.048692
0.000000	0.000000	0.000000	0.064482	0.000000	0.031275	0.040615	0.000000	0.003948	0.049775	0.000000	0.007961	0.056471	0.000000	0.012389	0.065045	0.000000	0.030973	0.069185	0.000000	0.051017	0.068644	0.000000	0.048397
0.000000	0.000000	0.000000	0.065045	0.000000	0.030973	0.041468	0.000000	0.003129	0.050462	0.000000	0.007500	0.057068	0.000000	0.012061	0.065608	0.000000	0.030661	0.069714	0.000000	0.050712	0.069177	0.000000	0.048091
0.000000	0.000000	0.000000	0.065608	0.000000	0.030661	0.042336	0.000000	0.002308	0.051150	0.000000	0.007031	0.057665	0.000000	0.011723	0.066170	0.000000	0.030339	0.070242	0.000000	0.050397	0.069710	0.000000	0.047775
0.000000	0.000000	0.000000	0.066170	0.000000	0.030339	0.043220	0.000000	0.001485	0.051839	0.000000	0.006557	0.058259	0.000000	0.011375	0.066730	0.000000	0.030007	0.070770	0.000000	0.050072	0.070242	0.000000	0.047448
0.000000	0.000000	0.000000	0.066730	0.000000	0.030007	0.044119	0.000000	0.000662	0.052528	0.000000	0.006075	0.058853	0.000000	0.011018	0.067290	0.000000	0.029665	0.071298	0.000000	0.049736	0.070774	0.000000	0.047112
0.000000	0.000000	0.000000	0.067290	0.000000	0.029665	0.045033	0.000000	-0.000162	0.053217	0.000000	0.005585	0.059444	0.000000	0.010651	0.067849	0.000000	0.029313	0.071825	0.000000	0.049390	0.071306	0.000000	0.046765
0.000000	0.000000	0.000000	0.067849	0.000000	0.029313	0.045909	0.000000	-0.000927	0.053886	0.000000	0.005104	0.060024	0.000000	0.010278	0.068403	0.000000	0.028951	0.072353	0.000000	0.049034	0.071837	0.000000	0.046408
0.000000	0.000000	0.000000	0.068403	0.000000	0.028951	0.046720	0.000000	-0.001611	0.054526	0.000000	0.004639	0.060589	0.000000	0.009901	0.068953	0.000000	0.028581	0.072884	0.000000	0.048667	0.072370	0.000000	0.046041
0.000000	0.000000	0.000000	0.068953	0.000000	0.028581	0.047463	0.000000	-0.002222	0.055138	0.000000	0.004189	0.061139	0.000000	0.009521	0.069498	0.000000	0.028203	0.073416	0.000000	0.048292	0.072904	0.000000	0.045666
0.000000	0.000000	0.000000	0.069498	0.000000	0.028203	0.048142	0.000000	-0.002769	0.055722	0.000000	0.003752	0.061675	0.000000	0.009138	0.070039	0.000000	0.027818	0.073951	0.000000	0.047908	0.073440	0.000000	0.045281
0.000000	0.000000	0.000000	0.070039	0.000000	0.027818	0.048758	0.000000	-0.003259	0.056283	0.000000	0.003327	0.062201	0.000000	0.008751	0.070576	0.000000	0.027427	0.074488	0.000000	0.047516	0.073977	0.000000	0.044890
0.000000	0.000000	0.000000	0.070576	0.000000	0.027427	0.049317	0.000000	-0.003695	0.056822	0.000000	0.002913	0.062718	0.000000	0.008361	0.071110	0.000000	0.027029	0.075029	0.000000	0.047117	0.074516	0.000000	0.044491
0.000000	0.000000	0.000000	0.071110	0.000000	0.027029	0.049822	0.000000	-0.004083	0.057342	0.000000	0.002509	0.063227	0.000000	0.007968	0.071641	0.000000	0.026626	0.075572	0.000000	0.046712	0.075058	0.000000	0.044086
0.000000	0.000000	0.000000	0.071641	0.000000	0.026626	0.050277	0.000000	-0.004426	0.057842	0.000000	0.002114	0.063729	0.000000	0.007572	0.072169	0.000000	0.026218	0.076119	0.000000	0.046301	0.075602	0.000000	0.043675
0.000000	0.000000	0.000000	0.072169	0.000000	0.026218	0.050688	0.000000	-0.004728	0.058325	0.000000	0.001728	0.064223	0.000000	0.007173	0.072693	0.000000	0.025805	0.076669	0.000000	0.045883	0.076149	0.000000	0.043258
0.000000	0.000000	0.000000	0.072693	0.000000	0.025805	0.051056	0.000000	-0.004991	0.058790	0.000000	0.001348	0.064709	0.000000	0.006771	0.073213	0.000000	0.025388	0.077222	0.000000	0.045458	0.076698	0.000000	0.042834
0.000000	0.000000	0.000000	0.073213	0.000000	0.025388	0.051385	0.000000	-0.005219	0.059231	0.000000	0.000981	0.065181	0.000000	0.006370	0.073728	0.000000	0.024967	0.077780	0.000000	0.045029	0.077250	0.000000	0.042406
0.000000	0.000000	0.000000	0.073728	0.000000	0.024967	0.051677	0.000000	-0.005412	0.059643	0.000000	0.000633	0.065636	0.000000	0.005974	0.074237	0.000000	0.024547	0.078343	0.000000	0.044598	0.077806	0.000000	0.041976
0.000000	0.000000	0.000000	0.074237	0.000000	0.024547	0.051934	0.000000	-0.005573	0.060020	0.000000	0.000312	0.066068	0.000000	0.005590	0.074737	0.000000	0.024130	0.078913	0.000000	0.044167	0.078367	0.000000	0.041547
0.000000	0.000000	0.000000	0.074737	0.000000	0.024130	0.052160	0.000000	-0.005703	0.060364	0.000000	0.000015	0.066479	0.000000	0.005216	0.075231	0.000000	0.023718	0.079490	0.000000	0.043737	0.078933	0.000000	0.041120
0.000000	0.000000	0.000000	0.075231	0.000000	0.023718	0.052359	0.000000	-0.005806	0.060678	0.000000	-0.000257	0.066869	0.000000	0.004853	0.075717	0.000000	0.023309	0.080074	0.000000	0.043307	0.079504	0.000000	0.040692
0.000000	0.000000	0.000000	0.075717	0.000000	0.023309	0.052533	0.000000	-0.005883	0.060965	0.000000	-0.000507	0.067239	0.000000	0.004500	0.076195	0.000000	0.022904	0.080664	0.000000	0.042877	0.080080	0.000000	0.040266
0.000000	0.000000	0.000000	0.076195	0.000000	0.022904	0.052685	0.000000	-0.005938	0.061225	0.000000	-0.000736	0.067589	0.000000	0.004157	0.076666	0.000000	0.022502	0.081261	0.000000	0.042446	0.080661	0.000000	0.039839
0.000000	0.000000	0.000000	0.076666	0.000000	0.022502	0.052817	0.000000	-0.005971	0.061463	0.000000	-0.000945	0.067920	0.000000	0.003824	0.077128	0.000000	0.022103	0.081865	0.000000	0.042014	0.081245	0.000000	0.039411
0.000000	0.000000	0.000000	0.077128	0.000000	0.022103	0.052933	0.000000	-0.005986	0.061678	0.000000	-0.001136	0.068232	0.000000	0.003500	0.077583	0.000000	0.021706	0.082474	0.000000	0.041580	0.081835	0.000000	0.038982
0.000000	0.000000	0.000000	0.077583	0.000000	0.021706	0.053033	0.000000	-0.005984	0.061874	0.000000	-0.001309	0.068525	0.000000	0.003185	0.078029	0.000000	0.021312	0.083089	0.000000	0.041144	0.082428	0.000000	0.038551
0.000000	0.000000	0.000000	0.078029	0.000000	0.021312	0.053121	0.000000	-0.005966	0.062051	0.000000	-0.001466	0.068801	0.000000	0.002879	0.078468	0.000000	0.020919	0.083710	0.000000	0.040704	0.083025	0.000000	0.038117
0.000000	0.000000	0.000000	0.078468	0.000000	0.020919	0.053196	0.000000	-0.005934	0.062211	0.000000	-0.001607	0.069059	0.000000	0.002582	0.078899	0.000000	0.020529	0.084336	0.000000	0.040261	0.083625	0.000000	0.037681
0.000000	0.000000	0.000000	0.078899	0.000000	0.020529	0.053262	0.000000	-0.005891	0.062357	0.000000	-0.001733	0.069301	0.000000	0.002294	0.079323	0.000000	0.020139	0.084967	0.000000	0.039813	0.084229	0.000000	0.037241
0.000000	0.000000	0.000000	0.079323	0.000000	0.020139	0.053319	0.000000	-0.005837	0.062488	0.000000	-0.001846	0.069526	0.000000	0.002015	0.079740	0.000000	0.019751	0.085603	0.000000	0.039361	0.084837	0.000000	0.036797
0.000000	0.000000	0.000000	0.079740	0.000000	0.019751	0.053368	0.000000	-0.005774	0.062606	0.000000	-0.001945	0.069736	0.000000	0.001744	0.080150	0.000000	0.019364	0.086244	0.000000	0.038903	0.085447	0.000000	0.036348
0.000000	0.000000	0.000000	0.080150	0.000000	0.019364	0.053411	0.000000	-0.005702	0.062713	0.000000	-0.002032	0.069931	0.000000	0.001483	0.080555	0.000000	0.018977	0.086888	0.000000	0.038439	0.086060	0.000000	0.035895
0.000000	0.000000	0.000000	0.080555	0.000000	0.018977	0.053449	0.000000	-0.005624	0.062810	0.000000	-0.002107	0.070111	0.000000	0.001231	0.080953	0.000000	0.018590	0.087537	0.000000	0.037969	0.086676	0.000000	0.035436
0.000000	0.000000	0.000000	0.080953	0.000000	0.018590	0.053482	0.000000	-0.005540	0.062898	0.000000	-0.002172	0.070278	0.000000	0.000987	0.081346	0.000000	0.018203	0.088189	0.000000	0.037493	0.087294	0.000000	0.034971
0.000000	0.000000	0.000000	0.081346	0.000000	0.018203	0.053510	0.000000	-0.005450	0.062976	0.000000	-0.002225	0.070429	0.000000	0.000758	0.081733	0.000000	0.017820	0.088846	0.000000	0.037012	0.087916	0.000000	0.034502
0.000000	0.000000	0.000000	0.081733	0.000000	0.017820	0.053535	0.000000	-0.005356	0.063046	0.000000	-0.002267	0.070565	0.000000	0.000545	0.082115	0.000000	0.017442	0.089508	0.000000	0.036527	0.088542	0.000000	0.034032
0.000000	0.000000	0.000000	0.082115	0.000000	0.017442	0.053557	0.000000	-0.005258	0.063109	0.000000	-0.002299	0.070687	0.000000	0.000349	0.082492	0.000000	0.017069	0.090175	0.000000	0.036039	0.089171	0.000000	0.033559
0.000000	0.000000	0.000000	0.082492	0.000000	0.017069	0.053576	0.000000	-0.005157	0.063166	0.000000	-0.002321	0.070797	0.000000	0.000169	0.082864	0.000000	0.016700	0.090846	0.000000	0.035547	0.089803	0.000000	0.033083
0.000000	0.000000	0.000000	0.082864	0.000000	0.016700	0.053594	0.000000	-0.005054	0.063217	0.000000	-0.002334	0.070897	0.000000	0.000005	0.083232	0.000000	0.016336	0.091522	0.000000	0.035050	0.090438	0.000000	0.032603
0.000000	0.000000	0.000000	0.083232	0.000000	0.016336	0.053611	0.000000	-0.004948	0.063264	0.000000	-0.002338	0.070986	0.000000	-0.000144	0.083597	0.000000	0.015976	0.092201	0.000000	0.034547	0.091076	0.000000	0.032119
0.000000	0.000000	0.000000	0.083597	0.000000	0.015976	0.053627	0.000000	-0.004840	0.063307	0.000000	-0.002334	0.071068	0.000000	-0.000279	0.083957	0.000000	0.015620	0.092884	0.000000	0.034038	0.091717	0.000000	0.031630
0.000000	0.000000	0.000000	0.083957	0.000000	0.015620	0.053642	0.000000	-0.004730	0.063348	0.000000	-0.002322	0.071142	0.000000	-0.000399	0.084314	0.000000	0.015266	0.093569	0.000000	0.033521	0.092359	0.000000	0.031134
0.000000	0.000000	0.000000	0.084314	0.000000	0.015266	0.053658	0.000000	-0.004618	0.063386	0.000000	-0.002303	0.071211	0.000000	-0.000507	0.084667	0.000000	0.014915	0.094257	0.000000	0.032996	0.093003	0.000000	0.030632
0.000000	0.000000	0.000000	0.084667	0.000000	0.014915	0.053674	0.000000	-0.004504	0.063423	0.000000	-0.002277	0.071274	0.000000	-0.000602	0.085017	0.000000	0.014565	0.094946	0.000000	0.032462	0.093648	0.000000	0.030122
0.000000	0.000000	0.000000	0.085017	0.000000	0.014565	0.053691	0.000000	-0.004388	0.063459	0.000000	-0.002245	0.071334	0.000000	-0.000686	0.085364	0.000000	0.014216	0.095637	0.000000	0.031918	0.094293	0.000000	0.029604
0.000000	0.000000	0.000000	0.085364	0.000000	0.014216	0.053710	0.000000	-0.004271	0.063494	0.000000	-0.002206	0.071390	0.000000	-0.000759	0.085708	0.000000	0.013867	0.096327	0.000000	0.031364	0.094939	0.000000	0.029076
0.000000	0.000000	0.000000	0.085708	0.000000	0.013867	0.053729	0.000000	-0.004153	0.063529	0.000000	-0.002161	0.071444	0.000000	-0.000821	0.086049	0.000000	0.013518	0.097018	0.000000	0.030797	0.095584	0.000000	0.028538
0.000000	0.000000	0.000000	0.086049	0.000000	0.013518	0.053751	0.000000	-0.004033	0.063564	0.000000	-0.002110	0.071496	0.000000	-0.000873	0.086387	0.000000	0.013168	0.097708	0.000000	0.030219	0.096228	0.000000	0.027990
0.000000	0.000000	0.000000	0.086387	0.000000	0.013168	0.053774	0.000000	-0.003911	0.063600	0.000000	-0.002055	0.071547	0.000000	-0.000916	0.086723	0.000000	0.012816	0.098397	0.000000	0.029628	0.096870	0.000000	0.027430
0.000000	0.000000	0.000000	0.086723	0.000000	0.012816	0.053800	0.000000	-0.003787	0.063638	0.000000	-0.001993	0.071598	0.000000	-0.000950	0.087057	0.000000	0.012463	0.099083	0.000000	0.029024	0.097511	0.000000	0.026859
0.000000	0.000000	0.000000	0.087057	0.000000	0.012463	0.053830	0.000000	-0.003661	0.063678	0.000000	-0.001926	0.071649	0.000000	-0.000975	0.087390	0.000000	0.012107	0.099768	0.000000	0.028407	0.098150	0.000000	0.026276
0.000000	0.000000	0.000000	0.087390	0.000000	0.012107	0.053863	0.000000	-0.003533	0.063721	0.000000	-0.001853	0.071702	0.000000	-0.000990	0.087721	0.000000	0.011749	0.100451	0.000000	0.027776	0.098787	0.000000	0.025681
0.000000	0.000000	0.000000	0.087721	0.000000	0.011749	0.053901	0.000000	-0.003401	0.063768	0.000000	-0.001774	0.071758	0.000000	-0.000996	0.088052	0.000000	0.011390	0.101131	0.000000	0.027132	0.099421	0.000000	0.025074
0.000000	0.000000	0.000000	0.088052	0.000000	0.011390	0.053945	0.000000	-0.003266	0.063819	0.000000	-0.001688	0.071817	0.000000	-0.000993	0.088382	0.000000	0.011028	0.101809	0.000000	0.026475	0.100053	0.000000	0.024456
0.000000	0.000000	0.000000	0.088382	0.000000	0.011028	0.053994	0.000000	-0.003127	0.063876	0.000000	-0.001596	0.071880	0.000000	-0.000981	0.088711	0.000000	0.010664	0.102483	0.000000	0.025805	0.100683	0.000000	0.023825
0.000000	0.000000	0.000000	0.088711	0.000000	0.010664	0.054049	0.000000	-0.002984	0.063938	0.000000	-0.001497	0.071948	0.000000	-0.000959	0.089041	0.000000	0.010298	0.103155	0.000000	0.025120	0.101310	0.000000	0.023183
0.000000	0.000000	0.000000	0.089041	0.000000	0.010298	0.054112	0.000000	-0.002836	0.064007	0.000000	-0.001391	0.072021	0.000000	-0.000927	0.089371	0.000000	0.009930	0.103824	0.000000	0.024423	0.101934	0.000000	0.022528
0.000000	0.000000	0.000000	0.089371	0.000000	0.009930	0.054182	0.000000	-0.002683	0.064083	0.000000	-0.001278	0.072101	0.000000	-0.000886	0.089701	0.000000	0.009561	0.104489	0.000000	0.023711	0.102555	0.000000	0.021861
0.000000	0.000000	0.000000	0.089701	0.000000	0.009561	0.054260	0.000000	-0.002525	0.064167	0.000000	-0.001157	0.072188	0.000000	-0.000834	0.090032	0.000000	0.009190	0.105150	0.000000	0.022987	0.103174	0.000000	0.021183
0.000000	0.000000	0.000000	0.090032	0.000000	0.009190	0.054348	0.000000	-0.002360	0.064259	0.000000	-0.001029	0.072282	0.000000	-0.000773	0.090363	0.000000	0.008818	0.105808	0.000000	0.022248	0.103788	0.000000	0.020492
0.000000	0.000000	0.000000	0.090363	0.000000	0.008818	0.054444	0.000000	-0.002189	0.064360	0.000000	-0.000892	0.072385	0.000000	-0.000702	0.090695	0.000000	0.008445	0.106461	0.000000	0.021496	0.104400	0.000000	0.019789
0.000000	0.000000	0.000000	0.090695	0.000000	0.008445	0.054551	0.000000	-0.002011	0.064471	0.000000	-0.000746	0.072497	0.000000	-0.000621	0.091027	0.000000	0.008071	0.107110	0.000000	0.020730	0.105007	0.000000	0.019075
0.000000	0.000000	0.000000	0.091027	0.000000	0.008071	0.054668	0.000000	-0.001826	0.064592	0.000000	-0.000592	0.072619	0.000000	-0.000529	0.091361	0.000000	0.007696	0.107754	0.000000	0.019950	0.105611	0.000000	0.018348
0.000000	0.000000	0.000000	0.091361	0.000000	0.007696	0.054797	0.000000	-0.001633	0.064724	0.000000	-0.000429	0.072752	0.000000	-0.000427	0.091696	0.000000	0.007320	0.108394	0.000000	0.019156	0.106211	0.000000	0.017609
0.000000	0.000000	0.000000	0.091696	0.000000	0.007320	0.054938	0.000000	-0.001431	0.064868	0.000000	-0.000256	0.072896	0.000000	-0.000315	0.092032	0.000000	0.006944	0.109028	0.000000	0.018349	0.106806	0.000000	0.016858
0.000000	0.000000	0.000000	0.092032	0.000000	0.006944	0.055091	0.000000	-0.001221	0.065025	0.000000	-0.000073	0.073052	0.000000	-0.000191	0.092371	0.000000	0.006568	0.109656	0.000000	0.017528	0.107396	0.000000	0.016095
0.000000	0.000000	0.000000	0.092371	0.000000	0.006568	0.055258	0.000000	-0.001001	0.065195	0.000000	0.000120	0.073221	0.000000	-0.000057	0.092711	0.000000	0.006192	0.110279	0.000000	0.016693	0.107982	0.000000	0.015320
0.000000	0.000000	0.000000	0.092711	0.000000	0.006192	0.055439	0.000000	-0.000771	0.065379	0.000000	0.000324	0.073403	0.000000	0.000089	0.093053	0.000000	0.005817	0.110895	0.000000	0.015844	0.108563	0.000000	0.014533
0.000000	0.000000	0.000000	0.093053	0.000000	0.005817	0.055635	0.000000	-0.000530	0.065578	0.000000	0.000539	0.073600	0.000000	0.000247	0.093397	0.000000	0.005441	0.111505	0.000000	0.014981	0.109138	0.000000	0.013734
0.000000	0.000000	0.000000	0.093397	0.000000	0.005441	0.055847	0.000000	-0.000279	0.065793	0.000000	0.000765	0.073813	0.000000	0.000416	0.093745	0.000000	0.005065	0.112108	0.000000	0.014105	0.109707	0.000000	0.012923
0.000000	0.000000	0.000000	0.093745	0.000000	0.005065	0.056077	0.000000	-0.000017	0.066025	0.000000	0.001002	0.074042	0.000000	0.000597	0.094096	0.000000	0.004691	0.112703	0.000000	0.013215	0.110270	0.000000	0.012101
0.000000	0.000000	0.000000	0.094096	0.000000	0.004691	0.056323	0.000000	0.000246	0.066274	0.000000	0.001234	0.074289	0.000000	0.000790	0.094450	0.000000	0.004316	0.113291	0.000000	0.012312	0.110828	0.000000	0.011267
0.000000	0.000000	0.000000	0.094450	0.000000	0.004316	0.056586	0.000000	0.000505	0.066541	0.000000	0.001453	0.074556	0.000000	0.000995	0.094810	0.000000	0.003943	0.113871	0.000000	0.011396	0.111379	0.000000	0.010421
0.000000	0.000000	0.000000	0.094810	0.000000	0.003943	0.056872	0.000000	0.000754	0.066831	0.000000	0.001659	0.074845	0.000000	0.001205	0.095176	0.000000	0.003567	0.114445	0.000000	0.010467	0.111926	0.000000	0.009565
0.000000	0.000000	0.000000	0.095176	0.000000	0.003567	0.057180	0.000000	0.000995	0.067143	0.000000	0.001851	0.075159	0.000000	0.001416	0.095549	0.000000	0.003189	0.115010	0.000000	0.009526	0.112466	0.000000	0.008697
0.000000	0.000000	0.000000	0.095549	0.000000	0.003189	0.057514	0.000000	0.001228	0.067482	0.000000	0.002028	0.075499	0.000000	0.001619	0.095932	0.000000	0.002804	0.115569	0.000000	0.008573	0.113001	0.000000	0.007819
0.000000	0.000000	0.000000	0.095932	0.000000	0.002804	0.057873	0.000000	0.001453	0.067846	0.000000	0.002191	0.075865	0.000000	0.001818	0.096323	0.000000	0.002413	0.116120	0.000000	0.007609	0.113532	0.000000	0.006929
0.000000	0.000000	0.000000	0.096323	0.000000	0.002413	0.058258	0.000000	0.001670	0.068235	0.000000	0.002340	0.076256	0.000000	0.002010	0.096724	0.000000	0.002016	0.116663	0.000000	0.006633	0.114056	0.000000	0.006029
0.000000	0.000000	0.000000	0.096724	0.000000	0.002016	0.058669	0.000000	0.001879	0.068651	0.000000	0.002476	0.076674	0.000000	0.002197	0.097133	0.000000	0.001612	0.117199	0.000000	0.005646	0.114575	0.000000	0.005119
0.000000	0.000000	0.000000	0.097133	0.000000	0.001612	0.059107	0.000000	0.002080	0.069094	0.000000	0.002599	0.077118	0.000000	0.002375	0.097552	0.000000	0.001201	0.117726	0.000000	0.004649	0.115089	0.000000	0.004198
0.000000	0.000000	0.000000	0.097552	0.000000	0.001201	0.059561	0.000000	0.002263	0.069550	0.000000	0.002734	0.077577	0.000000	0.002588	0.097966	0.000000	0.000808	0.118236	0.000000	0.003644	0.115586	0.000000	0.003273
0.000000	0.000000	0.000000	0.097966	0.000000	0.000808	0.060033	0.000000	0.002423	0.070022	0.000000	0.002890	0.078050	0.000000	0.002848	0.098375	0.000000	0.000441	0.118724	0.000000	0.002633	0.116064	0.000000	0.002346
0.000000	0.000000	0.000000	0.098375	0.000000	0.000441	0.060515	0.000000	0.002554	0.070501	0.000000	0.003090	0.078527	0.000000	0.003205	0.098762	0.000000	0.000131	0.119175	0.000000	0.001621	0.116506	0.000000	0.001426
0.000000	0.000000	0.000000	0.098762	0.000000	0.000131	0.060999	0.000000	0.002661	0.070978	0.000000	0.003315	0.079000	0.000000	0.003620	0.099122	0.000000	-0.000123	0.119574	0.000000	0.000656	0.116900	0.000000	0.000554
0.000000	0.000000	0.000000	0.099122	0.000000	-0.000123	0.061480	0.000000	0.002746	0.071447	0.000000	0.003561	0.079457	0.000000	0.004084	0.099444	0.000000	-0.000324	0.119911	0.000000	-0.000250	0.117235	0.000000	-0.000260
0.000000	0.000000	0.000000	0.099444	0.000000	-0.000324	0.061940	0.000000	0.002813	0.071890	0.000000	0.003813	0.079882	0.000000	0.004564	0.099720	0.000000	-0.000469	0.120179	0.000000	-0.001052	0.117504	0.000000	-0.000976
0.000000	0.000000	0.000000	0.099720	0.000000	-0.000469	0.062386	0.000000	0.002860	0.072312	0.000000	0.004074	0.080278	0.000000	0.005070	0.099954	0.000000	-0.000565	0.120386	0.000000	-0.001771	0.117714	0.000000	-0.001614
0.000000	0.000000	0.000000	0.099954	0.000000	-0.000565	0.062824	0.000000	0.002889	0.072718	0.000000	0.004343	0.080647	0.000000	0.005596	0.100149	0.000000	-0.000617	0.120537	0.000000	-0.002415	0.117871	0.000000	-0.002180
0.000000	0.000000	0.000000	0.100149	0.000000	-0.000617	0.063257	0.000000	0.002900	0.073109	0.000000	0.004618	0.080991	0.000000	0.006140	0.100306	0.000000	-0.000629	0.120637	0.000000	-0.002988	0.117979	0.000000	-0.002680
0.000000	0.000000	0.000000	0.100306	0.000000	-0.000629	0.063689	0.000000	0.002895	0.073486	0.000000	0.004897	0.081309	0.000000	0.006700	0.100429	0.000000	-0.000603	0.120690	0.000000	-0.003498	0.118041	0.000000	-0.003119
0.000000	0.000000	0.000000	0.100429	0.000000	-0.000603	0.064121	0.000000	0.002874	0.073852	0.000000	0.005180	0.081603	0.000000	0.007271	0.100519	0.000000	-0.000544	0.120701	0.000000	-0.003950	0.118062	0.000000	-0.003504
0.000000	0.000000	0.000000	0.100519	0.000000	-0.000544	0.064559	0.000000	0.002839	0.074208	0.000000	0.005464	0.081873	0.000000	0.007850	0.100580	0.000000	-0.000453	0.120673	0.000000	-0.004349	0.118046	0.000000	-0.003840
0.000000	0.000000	0.000000	0.100580	0.000000	-0.000453	0.065003	0.000000	0.002791	0.074555	0.000000	0.005750	0.082120	0.000000	0.008435	0.100613	0.000000	-0.000334	0.120609	0.000000	-0.004702	0.117995	0.000000	-0.004131
0.000000	0.000000	0.000000	0.100613	0.000000	-0.000334	0.065456	0.000000	0.002731	0.074895	0.000000	0.006035	0.082345	0.000000	0.009023	0.100622	0.000000	-0.000190	0.120512	0.000000	-0.005013	0.117912	0.000000	-0.004382
0.000000	0.000000	0.000000	0.100622	0.000000	-0.000190	0.065921	0.000000	0.002661	0.075228	0.000000	0.006319	0.082550	0.000000	0.009611	0.100608	0.000000	-0.000023	0.120386	0.000000	-0.005287	0.117800	0.000000	-0.004599
0.000000	0.000000	0.000000	0.100608	0.000000	-0.000023	0.066400	0.000000	0.002584	0.075557	0.000000	0.006602	0.082734	0.000000	0.010198	0.100573	0.000000	0.000164	0.120233	0.000000	-0.005529	0.117662	0.000000	-0.004785
0.000000	0.000000	0.000000	0.100573	0.000000	0.000164	0.066895	0.000000	0.002500	0.075883	0.000000	0.006883	0.082901	0.000000	0.010781	0.100521	0.000000	0.000368	0.120054	0.000000	-0.005744	0.117501	0.000000	-0.004945
0.000000	0.000000	0.000000	0.100521	0.000000	0.000368	0.067408	0.000000	0.002412	0.076208	0.000000	0.007162	0.083051	0.000000	0.011359	0.100453	0.000000	0.000585	0.119854	0.000000	-0.005934	0.117317	0.000000	-0.005081
0.000000	0.000000	0.000000	0.100453	0.000000	0.000585	0.067940	0.000000	0.002323	0.076532	0.000000	0.007439	0.083186	0.000000	0.011930	0.100370	0.000000	0.000812	0.119633	0.000000	-0.006103	0.117115	0.000000	-0.005199
0.000000	0.000000	0.000000	0.100370	0.000000	0.000812	0.068493	0.000000	0.002235	0.076858	0.000000	0.007715	0.083309	0.000000	0.012494	0.100275	0.000000	0.001047	0.119395	0.000000	-0.006256	0.116895	0.000000	-0.005301
0.000000	0.000000	0.000000	0.100275	0.000000	0.001047	0.069069	0.000000	0.002150	0.077188	0.000000	0.007989	0.083420	0.000000	0.013048	0.100170	0.000000	0.001285	0.119141	0.000000	-0.006395	0.116661	0.000000	-0.005390
0.000000	0.000000	0.000000	0.100170	0.000000	0.001285	0.069668	0.000000	0.002070	0.077521	0.000000	0.008261	0.083524	0.000000	0.013592	0.100055	0.000000	0.001524	0.118874	0.000000	-0.006521	0.116414	0.000000	-0.005469
0.000000	0.000000	0.000000	0.100055	0.000000	0.001524	0.070290	0.000000	0.001999	0.077860	0.000000	0.008533	0.083620	0.000000	0.014125	0.099932	0.000000	0.001762	0.118595	0.000000	-0.006639	0.116155	0.000000	-0.005540
0.000000	0.000000	0.000000	0.099932	0.000000	0.001762	0.070936	0.000000	0.001938	0.078205	0.000000	0.008804	0.083712	0.000000	0.014646	0.099802	0.000000	0.001997	0.118307	0.000000	-0.006748	0.115888	0.000000	-0.005605
0.000000	0.000000	0.000000	0.099802	0.000000	0.001997	0.071602	0.000000	0.001887	0.078540	0.000000	0.009088	0.083800	0.000000	0.015152	0.099668	0.000000	0.002225	0.118012	0.000000	-0.006852	0.115613	0.000000	-0.005665
0.000000	0.000000	0.000000	0.099668	0.000000	0.002225	0.072288	0.000000	0.001848	0.078860	0.000000	0.009385	0.083886	0.000000	0.015644	0.099529	0.000000	0.002446	0.117711	0.000000	-0.006951	0.115334	0.000000	-0.005723
0.000000	0.000000	0.000000	0.099529	0.000000	0.002446	0.072992	0.000000	0.001822	0.079147	0.000000	0.009703	0.083971	0.000000	0.016120	0.099388	0.000000	0.002658	0.117407	0.000000	-0.007048	0.115051	0.000000	-0.005779
0.000000	0.000000	0.000000	0.099388	0.000000	0.002658	0.073715	0.000000	0.001812	0.079409	0.000000	0.010032	0.084055	0.000000	0.016579	0.099244	0.000000	0.002861	0.117100	0.000000	-0.007144	0.114765	0.000000	-0.005836
0.000000	0.000000	0.000000	0.099244	0.000000	0.002861	0.074457	0.000000	0.001821	0.079646	0.000000	0.010369	0.084141	0.000000	0.017020	0.099101	0.000000	0.003051	0.116792	0.000000	-0.007241	0.114479	0.000000	-0.005895
0.000000	0.000000	0.000000	0.099101	0.000000	0.003051	0.075216	0.000000	0.001851	0.079861	0.000000	0.010707	0.084229	0.000000	0.017442	0.098958	0.000000	0.003230	0.116483	0.000000	-0.007341	0.114192	0.000000	-0.005959
0.000000	0.000000	0.000000	0.098958	0.000000	0.003230	0.075993	0.000000	0.001905	0.080055	0.000000	0.011042	0.084320	0.000000	0.017843	0.098817	0.000000	0.003395	0.116176	0.000000	-0.007447	0.113906	0.000000	-0.006030
0.000000	0.000000	0.000000	0.098817	0.000000	0.003395	0.076785	0.000000	0.001984	0.080230	0.000000	0.011372	0.084414	0.000000	0.018224	0.098678	0.000000	0.003546	0.115871	0.000000	-0.007559	0.113623	0.000000	-0.006107
